0 0.152865 0.180147 0.073438 0.351103
0 0.354167 0.222426 0.046875 0.196691
0 0.446354 0.173713 0.037500 0.216912
0 0.568229 0.367647 0.021875 0.082721
0 0.607552 0.396140 0.022396 0.102941
0 0.659896 0.418199 0.029167 0.117647
0 0.723958 0.380515 0.022917 0.060662
0 0.825260 0.196691 0.067187 0.281250
1 0.132161 0.504136 0.163281 0.991728
1 0.350781 0.553309 0.101562 0.884191
1 0.453385 0.513787 0.089063 0.900735
1 0.569010 0.623162 0.044271 0.604779
1 0.609115 0.613051 0.042188 0.518382
1 0.656250 0.651654 0.052083 0.577206
1 0.721745 0.672335 0.050781 0.655331
1 0.835677 0.503676 0.129688 0.876838
1 0.914844 0.537684 0.013021 0.084559
0 0.914844 0.515625 0.006771 0.029412
2 0.319792 0.865809 0.082292 0.226103
