1 0.276823 0.690717 0.171354 0.618566
1 0.817708 0.744945 0.101042 0.510110
1 0.863542 0.626838 0.025000 0.115809
1 0.754948 0.605699 0.073438 0.227941
1 0.612760 0.640625 0.022396 0.257353
1 0.653646 0.575368 0.026042 0.178309
1 0.665365 0.563419 0.016146 0.172794
1 0.675781 0.597426 0.015104 0.075368
0 0.262760 0.562500 0.080729 0.373162
0 0.611198 0.546875 0.013021 0.055147
0 0.650260 0.511949 0.014063 0.055147
0 0.663542 0.501838 0.013542 0.049632
0 0.675000 0.578125 0.010417 0.033088
0 0.736979 0.529412 0.021875 0.064338
0 0.832812 0.593750 0.067708 0.200368
0 0.868490 0.597426 0.013021 0.060662
