2 0.209635 0.386029 0.205729 0.523897
1 0.035156 0.567096 0.019271 0.161765
1 0.024349 0.770221 0.048177 0.420956
1 0.260156 0.653493 0.118229 0.551471
1 0.367448 0.568934 0.074479 0.345588
1 0.519792 0.534007 0.061458 0.242647
1 0.702604 0.657169 0.098958 0.591912
1 0.829818 0.644761 0.177344 0.710478
0 0.039323 0.500919 0.010937 0.033088
0 0.263281 0.465074 0.040104 0.174632
0 0.380208 0.454963 0.031250 0.110294
0 0.522917 0.472426 0.038542 0.119485
0 0.724479 0.447610 0.050000 0.165441
0 0.859896 0.460478 0.092708 0.338235
