0 0.033073 0.496324 0.005729 0.027574
0 0.216927 0.458640 0.035937 0.139706
0 0.368750 0.462316 0.028125 0.125000
0 0.565365 0.494485 0.026562 0.075368
0 0.719792 0.472426 0.045833 0.152574
0 0.829688 0.473346 0.085417 0.312500
1 0.014583 0.720588 0.027083 0.556985
1 0.034375 0.567096 0.016667 0.172794
1 0.235156 0.646140 0.115104 0.503676
1 0.353385 0.591912 0.089063 0.362132
1 0.562240 0.556985 0.048438 0.229779
1 0.703906 0.661765 0.104688 0.553309
1 0.809505 0.651195 0.169010 0.697610
2 0.211458 0.382353 0.209375 0.512868
