1 0.239844 0.634651 0.200000 0.730699
1 0.564844 0.491728 0.021354 0.194853
1 0.707292 0.395221 0.009896 0.060662
1 0.729297 0.414522 0.028906 0.117647
1 0.819792 0.470129 0.023958 0.122243
1 0.864193 0.529412 0.017448 0.134191
1 0.757292 0.623162 0.120833 0.501838
0 0.235547 0.482537 0.089323 0.400735
0 0.566146 0.422794 0.010417 0.049632
0 0.706771 0.381893 0.011458 0.046875
0 0.730469 0.380055 0.010417 0.052390
0 0.738021 0.403952 0.008854 0.037684
0 0.777995 0.488971 0.054427 0.229779
0 0.801172 0.491728 0.007552 0.031250
0 0.819922 0.435662 0.013802 0.038603
0 0.841797 0.459099 0.010677 0.032169
0 0.866016 0.475184 0.008073 0.033088
1 0.802214 0.500460 0.010677 0.061581
0 0.675521 0.443934 0.011979 0.033088
1 0.192448 0.600184 0.025521 0.128676
