0 0.236068 0.484835 0.092448 0.420037
0 0.564844 0.419577 0.013021 0.034007
0 0.707422 0.383732 0.010677 0.041360
0 0.732422 0.383272 0.011198 0.036765
0 0.737370 0.392463 0.007031 0.022059
0 0.780469 0.477941 0.056771 0.218750
0 0.817969 0.427390 0.011979 0.029412
0 0.841667 0.454963 0.011458 0.029412
0 0.866146 0.475184 0.009896 0.029412
0 0.874870 0.474265 0.008073 0.023897
1 0.237891 0.637868 0.207031 0.724265
1 0.562370 0.499540 0.020052 0.195772
1 0.708594 0.391544 0.014063 0.068015
1 0.735417 0.422335 0.028125 0.103860
1 0.769141 0.631434 0.120573 0.525735
1 0.815495 0.461857 0.024219 0.114890
1 0.863542 0.529412 0.015625 0.126838
1 0.874870 0.501838 0.011198 0.101103
0 0.800521 0.490809 0.006771 0.053309
0 0.676302 0.446691 0.008333 0.036765
1 0.191667 0.594669 0.022917 0.121324
