1 0.241146 0.636949 0.205729 0.726103
1 0.566146 0.497702 0.020833 0.197610
1 0.761719 0.626838 0.135417 0.501838
1 0.799870 0.500000 0.020573 0.071691
1 0.706120 0.392004 0.014323 0.065257
1 0.732943 0.431066 0.036198 0.128676
1 0.729167 0.402574 0.012500 0.034926
1 0.818620 0.473346 0.023698 0.110294
1 0.867188 0.528952 0.016667 0.135110
0 0.234115 0.482077 0.092188 0.403493
0 0.566797 0.422335 0.016927 0.048713
0 0.707422 0.390165 0.013802 0.046875
0 0.738672 0.382353 0.011719 0.031250
0 0.777995 0.474265 0.051302 0.207721
0 0.802995 0.485754 0.009115 0.034007
0 0.821224 0.427849 0.010677 0.030331
0 0.843490 0.457721 0.011979 0.027574
0 0.866667 0.475184 0.009375 0.029412
0 0.866146 0.473346 0.009375 0.029412
0 0.677865 0.443934 0.009896 0.029412
1 0.190625 0.604779 0.022917 0.119485
