0 0.238672 0.480699 0.085156 0.415441
0 0.566667 0.422335 0.014583 0.045037
0 0.707292 0.381893 0.013542 0.054228
0 0.732943 0.381434 0.014323 0.036765
0 0.777995 0.477482 0.051823 0.221507
0 0.801042 0.488971 0.012500 0.033088
0 0.822396 0.426471 0.011979 0.029412
0 0.842448 0.460938 0.011979 0.046875
0 0.867188 0.474724 0.014583 0.030331
1 0.242839 0.630055 0.205469 0.734375
1 0.707943 0.391085 0.014323 0.056066
1 0.734245 0.420496 0.029427 0.133272
1 0.774870 0.615809 0.141927 0.516544
1 0.801172 0.500000 0.014323 0.069853
1 0.818490 0.465993 0.023438 0.117647
1 0.865495 0.517004 0.019531 0.127757
1 0.565365 0.501838 0.023438 0.200368
0 0.676823 0.447610 0.010417 0.038603
1 0.190885 0.603860 0.020313 0.117647
