1 0.132552 0.505974 0.161979 0.988051
1 0.354297 0.566636 0.106510 0.866728
1 0.454167 0.523897 0.087500 0.898897
1 0.571354 0.624540 0.070833 0.750919
1 0.609896 0.620404 0.033333 0.544118
1 0.655208 0.656250 0.051042 0.590074
1 0.845052 0.528493 0.158854 0.856618
1 0.740885 0.483456 0.010937 0.056985
1 0.914323 0.535846 0.009896 0.084559
0 0.155469 0.178309 0.074479 0.325368
0 0.354167 0.229779 0.044792 0.170956
0 0.451302 0.170037 0.039062 0.191176
0 0.575781 0.321691 0.031771 0.141544
0 0.607292 0.397059 0.019792 0.097426
0 0.660156 0.415441 0.024479 0.104779
0 0.833333 0.203125 0.050000 0.213235
0 0.912760 0.512868 0.006771 0.020221
2 0.316146 0.862132 0.081250 0.226103
