1 0.271094 0.694393 0.180729 0.611213
1 0.815755 0.741268 0.098177 0.517463
1 0.741536 0.688879 0.050781 0.622243
1 0.614062 0.648897 0.028125 0.244485
1 0.649740 0.595588 0.025521 0.200368
1 0.670312 0.607537 0.007292 0.106618
1 0.677604 0.564338 0.016667 0.181985
0 0.270052 0.596507 0.084896 0.411765
0 0.614323 0.545956 0.017188 0.038603
0 0.645833 0.517463 0.012500 0.044118
0 0.675260 0.506434 0.013021 0.051471
0 0.671875 0.582721 0.006250 0.038603
0 0.732812 0.434743 0.031250 0.095588
0 0.832292 0.593750 0.069792 0.215074
1 0.861458 0.626838 0.028125 0.108456
0 0.866927 0.592831 0.013021 0.044118
