0 0.264844 0.565257 0.082812 0.367647
0 0.829948 0.585478 0.065104 0.220588
0 0.867188 0.596507 0.018750 0.058824
0 0.615365 0.535846 0.014063 0.040441
0 0.654687 0.510110 0.011458 0.040441
0 0.665104 0.500000 0.012500 0.042279
0 0.731250 0.529412 0.021875 0.071691
0 0.672656 0.576287 0.011979 0.033088
1 0.274219 0.684283 0.168229 0.631434
1 0.616146 0.641544 0.021875 0.270221
1 0.656510 0.551471 0.025521 0.137868
1 0.665104 0.531250 0.018750 0.108456
1 0.750260 0.745864 0.061979 0.508272
1 0.813802 0.742647 0.095312 0.512868
1 0.859896 0.623162 0.033333 0.101103
1 0.677604 0.597426 0.016667 0.071691
