1 0.269010 0.654871 0.175521 0.690257
1 0.618229 0.646140 0.027083 0.268382
1 0.652083 0.563419 0.026042 0.158088
1 0.669792 0.563419 0.018750 0.169118
1 0.741797 0.765165 0.062760 0.469669
1 0.806250 0.738511 0.108333 0.522978
1 0.860677 0.634191 0.027604 0.141544
0 0.261979 0.550551 0.084375 0.448529
0 0.617188 0.539522 0.016667 0.047794
0 0.654167 0.510110 0.015625 0.044118
0 0.667188 0.504596 0.013542 0.058824
0 0.737240 0.579044 0.029687 0.086397
0 0.819531 0.593750 0.067187 0.218750
0 0.865885 0.597426 0.017188 0.068015
