1 0.274479 0.689798 0.172917 0.620404
1 0.614323 0.643382 0.022396 0.244485
1 0.652865 0.570772 0.024479 0.180147
1 0.666667 0.566176 0.013542 0.185662
1 0.677344 0.604779 0.013021 0.068015
1 0.757812 0.606618 0.067708 0.222426
1 0.812891 0.745864 0.111198 0.508272
0 0.264844 0.576287 0.088021 0.389706
0 0.615104 0.543199 0.016667 0.044118
0 0.649740 0.509191 0.015104 0.042279
0 0.663542 0.500919 0.012500 0.055147
0 0.739844 0.536765 0.024479 0.082721
0 0.833594 0.609375 0.069271 0.227941
1 0.869010 0.603860 0.009896 0.080882
