0 0.027604 0.500000 0.003125 0.027574
0 0.040625 0.488971 0.005208 0.016544
0 0.208333 0.461397 0.043750 0.170956
0 0.381250 0.457721 0.029167 0.145221
0 0.530469 0.464154 0.029687 0.117647
0 0.716406 0.444853 0.036979 0.152574
0 0.844010 0.472426 0.069271 0.325368
1 0.031380 0.773438 0.058594 0.453125
1 0.027604 0.558824 0.018750 0.148897
1 0.044271 0.552390 0.020833 0.154412
1 0.228646 0.660846 0.105208 0.562500
1 0.374479 0.575368 0.070833 0.369485
1 0.525000 0.526654 0.041667 0.238971
1 0.698177 0.651654 0.109896 0.566176
1 0.830729 0.655790 0.169792 0.688419
2 0.208594 0.387868 0.207813 0.523897
