0 0.827344 0.576287 0.065625 0.209559
0 0.267318 0.579044 0.089323 0.375000
0 0.732552 0.431985 0.032292 0.091912
0 0.614193 0.555607 0.014323 0.045037
0 0.646875 0.515625 0.012500 0.038603
0 0.676302 0.501838 0.014583 0.058824
1 0.271224 0.696232 0.179948 0.607537
1 0.610417 0.649816 0.027083 0.237132
1 0.649219 0.583640 0.025000 0.172794
1 0.677344 0.559743 0.021354 0.176471
1 0.740495 0.692096 0.050781 0.615809
1 0.809896 0.732077 0.097396 0.534007
1 0.861719 0.616728 0.026562 0.086397
0 0.867969 0.592831 0.016146 0.047794
1 0.670573 0.598346 0.006771 0.073529
0 0.671094 0.578125 0.008854 0.040441
