2 0.209896 0.385110 0.207292 0.507353
0 0.026302 0.505515 0.004687 0.027574
0 0.191927 0.456801 0.036979 0.147059
0 0.366146 0.468750 0.025000 0.126838
0 0.544271 0.469669 0.026042 0.106618
0 0.730990 0.442096 0.047396 0.169118
0 0.834115 0.457721 0.076563 0.295956
1 0.021224 0.781250 0.041927 0.435662
1 0.025000 0.560662 0.013542 0.145221
1 0.210417 0.628676 0.150000 0.472426
1 0.361198 0.591912 0.063021 0.351103
1 0.538281 0.532169 0.065104 0.216912
1 0.712240 0.665441 0.108854 0.597426
1 0.817318 0.658548 0.150260 0.682904
