2 0.208854 0.388787 0.204167 0.525735
1 0.278906 0.629596 0.135937 0.481618
1 0.047396 0.556066 0.012500 0.150735
1 0.037500 0.886489 0.037500 0.227022
1 0.370573 0.587316 0.056771 0.345588
1 0.514844 0.554228 0.060937 0.220588
1 0.639062 0.645221 0.147917 0.612132
1 0.828906 0.645680 0.153646 0.708640
0 0.049219 0.494485 0.010937 0.031250
0 0.248438 0.477941 0.047917 0.178309
0 0.384896 0.470588 0.030208 0.104779
0 0.531771 0.487132 0.029167 0.090074
0 0.684115 0.439338 0.059896 0.204044
0 0.848698 0.452206 0.081771 0.318015
