0 0.268490 0.592831 0.080729 0.400735
0 0.829688 0.582721 0.069792 0.189338
0 0.866146 0.596507 0.014583 0.051471
0 0.615104 0.556985 0.011458 0.042279
0 0.646615 0.517463 0.013021 0.040441
0 0.673958 0.506434 0.014583 0.055147
0 0.670052 0.582721 0.009896 0.034926
0 0.733594 0.430147 0.032813 0.090074
1 0.272917 0.701746 0.179167 0.596507
1 0.610417 0.654412 0.026042 0.244485
1 0.649740 0.587316 0.025521 0.180147
1 0.677344 0.560662 0.016146 0.156250
1 0.669792 0.598346 0.011458 0.077206
1 0.742839 0.694393 0.055469 0.611213
1 0.817448 0.742188 0.101562 0.515625
1 0.864323 0.624081 0.026562 0.106618
