0 0.262760 0.544118 0.091146 0.428309
0 0.617188 0.540441 0.012500 0.053309
0 0.652604 0.514706 0.013542 0.045956
0 0.666927 0.504596 0.011979 0.051471
0 0.736458 0.579963 0.025000 0.080882
0 0.824219 0.595588 0.063021 0.218750
0 0.865885 0.590993 0.018229 0.051471
1 0.269531 0.666820 0.173437 0.666360
1 0.618229 0.643382 0.019792 0.266544
1 0.652604 0.578125 0.021875 0.187500
1 0.669271 0.575368 0.021875 0.200368
1 0.738802 0.765625 0.058854 0.455882
1 0.814453 0.738511 0.114323 0.522978
1 0.862240 0.630515 0.027604 0.108456
