0 0.237370 0.482996 0.086198 0.407169
0 0.779167 0.485294 0.053125 0.226103
0 0.707292 0.382353 0.012500 0.038603
0 0.843490 0.459099 0.009896 0.037684
0 0.867318 0.473346 0.008073 0.029412
0 0.821745 0.431066 0.010677 0.040441
0 0.738542 0.381434 0.009375 0.040441
0 0.734245 0.389246 0.007552 0.024816
0 0.566667 0.420037 0.013021 0.040441
1 0.242969 0.638327 0.204687 0.719669
1 0.563542 0.499081 0.020833 0.194853
1 0.707943 0.395221 0.014323 0.068015
1 0.735417 0.420496 0.029167 0.133272
1 0.763672 0.626838 0.132552 0.512868
1 0.819271 0.465993 0.020833 0.113971
1 0.802995 0.504596 0.017448 0.066176
1 0.864844 0.530331 0.019271 0.139706
0 0.675651 0.445312 0.010677 0.030331
1 0.192188 0.605699 0.021875 0.117647
