0 0.836198 0.456801 0.076563 0.319853
0 0.259375 0.466912 0.041667 0.156250
0 0.381771 0.463235 0.027083 0.119485
0 0.531250 0.473346 0.030208 0.106618
0 0.727865 0.446691 0.042188 0.134191
1 0.042448 0.868566 0.052604 0.257353
1 0.025521 0.557904 0.019792 0.161765
1 0.274740 0.641544 0.124479 0.512868
1 0.368229 0.569853 0.069792 0.329044
1 0.520312 0.524816 0.058333 0.231618
1 0.706771 0.658088 0.107292 0.564338
1 0.827995 0.655790 0.168490 0.688419
2 0.207552 0.384191 0.210938 0.523897
0 0.021094 0.497243 0.007812 0.029412
