2 0.209115 0.385110 0.205729 0.518382
1 0.023828 0.773897 0.047135 0.439338
1 0.034375 0.564338 0.020833 0.170956
1 0.274219 0.649816 0.119271 0.529412
1 0.370573 0.583640 0.074479 0.352941
1 0.520052 0.531250 0.059896 0.222426
1 0.704427 0.647059 0.095312 0.582721
1 0.826562 0.653033 0.191667 0.693934
0 0.033854 0.499081 0.008333 0.036765
0 0.259375 0.464154 0.041667 0.143382
0 0.388021 0.467831 0.031250 0.110294
0 0.521354 0.476103 0.027083 0.108456
0 0.722917 0.439338 0.042708 0.159926
0 0.857552 0.484375 0.090104 0.367647
