0 0.022656 0.493566 0.002604 0.007353
0 0.180990 0.462316 0.043229 0.154412
0 0.365104 0.454044 0.031250 0.104779
0 0.554948 0.471507 0.032813 0.106618
0 0.722656 0.470588 0.044271 0.193015
0 0.841667 0.449449 0.087500 0.305147
1 0.023177 0.557904 0.018229 0.158088
1 0.028646 0.910386 0.026042 0.179228
1 0.178385 0.674632 0.111979 0.582721
1 0.353125 0.596507 0.071875 0.419118
1 0.551562 0.474265 0.045833 0.104779
1 0.696354 0.659926 0.104167 0.575368
1 0.826562 0.650276 0.171875 0.699449
2 0.209896 0.385110 0.208333 0.518382
