0 0.269271 0.597426 0.078125 0.406250
0 0.614062 0.557904 0.013542 0.044118
0 0.647135 0.517463 0.015104 0.036765
0 0.669531 0.579044 0.006771 0.042279
0 0.674479 0.500000 0.012500 0.053309
0 0.733073 0.429228 0.033854 0.091912
0 0.828385 0.590074 0.067187 0.222426
0 0.867969 0.591912 0.017188 0.053309
1 0.272266 0.699908 0.180990 0.600184
1 0.610417 0.649816 0.023958 0.238971
1 0.650521 0.583640 0.029167 0.172794
1 0.670052 0.611213 0.008854 0.091912
1 0.678385 0.562500 0.020313 0.159926
1 0.741146 0.692096 0.053125 0.610294
1 0.816016 0.743107 0.101823 0.513787
1 0.859896 0.629596 0.028125 0.106618
