2 0.209115 0.382353 0.205729 0.505515
1 0.035417 0.520221 0.005208 0.042279
1 0.026562 0.556985 0.012500 0.152574
1 0.034896 0.889246 0.029167 0.221507
1 0.191667 0.678309 0.122917 0.586397
1 0.353646 0.577206 0.076042 0.373162
1 0.558594 0.503676 0.048438 0.108456
1 0.706510 0.663603 0.082812 0.586397
1 0.811979 0.650276 0.194792 0.699449
0 0.198958 0.461397 0.037500 0.163603
0 0.360938 0.452206 0.032292 0.123162
0 0.552083 0.497243 0.021875 0.069853
0 0.715885 0.464154 0.044271 0.180147
0 0.848698 0.462316 0.081771 0.312500
