2 0.316146 0.865809 0.078125 0.233456
1 0.131120 0.506893 0.166406 0.986213
1 0.353906 0.563879 0.103646 0.872243
1 0.453125 0.518382 0.088542 0.895221
1 0.568229 0.622702 0.069792 0.754596
1 0.610677 0.617647 0.028646 0.531250
1 0.655208 0.647978 0.048958 0.573529
1 0.828646 0.494485 0.097917 0.836397
1 0.911198 0.542279 0.013021 0.090074
0 0.153385 0.182904 0.071354 0.341912
0 0.352865 0.226103 0.042188 0.196691
0 0.450000 0.166360 0.041667 0.176471
0 0.574219 0.319853 0.028646 0.130515
0 0.607552 0.396140 0.020313 0.077206
0 0.661458 0.409007 0.025000 0.099265
0 0.819271 0.206801 0.054167 0.231618
0 0.910937 0.511949 0.006250 0.029412
