0 0.018229 0.493566 0.004167 0.018382
0 0.029687 0.511029 0.004167 0.016544
0 0.189844 0.451287 0.038021 0.128676
0 0.363281 0.455882 0.027604 0.093750
0 0.554167 0.479779 0.028125 0.079044
0 0.720573 0.477941 0.047396 0.167279
0 0.826562 0.451287 0.082292 0.275735
1 0.014844 0.556066 0.013021 0.154412
1 0.028646 0.556985 0.014583 0.126838
1 0.024609 0.909467 0.019010 0.181066
1 0.217188 0.646140 0.145833 0.518382
1 0.351823 0.585478 0.084896 0.367647
1 0.703125 0.671875 0.101042 0.562500
1 0.822396 0.655790 0.142708 0.688419
2 0.207292 0.379596 0.205208 0.511029
