1 0.240495 0.638327 0.203385 0.721507
1 0.565365 0.498162 0.022396 0.193015
1 0.772266 0.636949 0.163802 0.533088
1 0.734896 0.420037 0.029167 0.113971
1 0.707552 0.395221 0.015625 0.060662
1 0.801823 0.498621 0.017708 0.059743
1 0.818750 0.468290 0.031771 0.111213
1 0.865495 0.529412 0.020052 0.141544
0 0.237500 0.484375 0.089063 0.398897
0 0.566146 0.424632 0.014583 0.047794
0 0.676302 0.447610 0.010417 0.038603
0 0.707292 0.380515 0.014583 0.042279
0 0.734896 0.376838 0.013542 0.047794
0 0.775521 0.470129 0.052083 0.215993
0 0.803646 0.488971 0.011458 0.042279
0 0.819792 0.430147 0.011458 0.029412
0 0.866797 0.480699 0.014323 0.040441
1 0.191406 0.607537 0.021354 0.143382
