2 0.209635 0.383272 0.206771 0.518382
1 0.015885 0.544118 0.014063 0.134191
1 0.029948 0.561581 0.014063 0.132353
1 0.216146 0.644301 0.143750 0.533088
1 0.351042 0.590074 0.089583 0.362132
1 0.699479 0.671875 0.098958 0.547794
1 0.820182 0.661305 0.141406 0.677390
0 0.189323 0.453125 0.040104 0.143382
0 0.363802 0.465074 0.025521 0.112132
0 0.554948 0.481618 0.027604 0.086397
0 0.722917 0.477941 0.051042 0.152574
0 0.825781 0.465993 0.080729 0.283088
1 0.024479 0.908548 0.018750 0.182904
0 0.029948 0.506434 0.006771 0.022059
0 0.017969 0.488971 0.005729 0.020221
