1 0.243490 0.637868 0.210938 0.724265
1 0.777995 0.624081 0.136719 0.529412
1 0.813672 0.466912 0.028906 0.115809
1 0.866146 0.530790 0.015625 0.140625
1 0.737240 0.423254 0.023438 0.122243
1 0.707292 0.395221 0.012500 0.053309
0 0.235417 0.492188 0.090625 0.421875
0 0.707943 0.383272 0.007031 0.038603
0 0.732292 0.390625 0.006250 0.016544
0 0.738542 0.388787 0.009375 0.036765
0 0.778646 0.474265 0.048958 0.207721
0 0.800521 0.492647 0.008333 0.036765
0 0.816797 0.426930 0.010677 0.037684
0 0.841797 0.458180 0.013281 0.045037
0 0.866667 0.475184 0.011458 0.029412
0 0.565495 0.426471 0.011198 0.056985
1 0.566146 0.497243 0.020833 0.202206
0 0.676042 0.446691 0.010417 0.044118
1 0.189844 0.599265 0.022396 0.112132
