1 0.264974 0.664062 0.171615 0.671875
1 0.810807 0.745864 0.125781 0.508272
1 0.618229 0.647059 0.023958 0.266544
1 0.652604 0.582721 0.027083 0.193015
1 0.671354 0.560662 0.020833 0.178309
1 0.740234 0.767004 0.063802 0.465993
1 0.861198 0.631434 0.025521 0.125000
0 0.266406 0.551471 0.089063 0.431985
0 0.615885 0.540441 0.018229 0.053309
0 0.649740 0.510110 0.014063 0.040441
0 0.665625 0.497243 0.013542 0.051471
0 0.736719 0.583640 0.028646 0.106618
0 0.830990 0.606618 0.069271 0.233456
0 0.869792 0.592831 0.011458 0.036765
