2 0.211198 0.392463 0.208854 0.522059
0 0.029167 0.514706 0.005208 0.020221
0 0.194271 0.460478 0.031250 0.147059
0 0.371615 0.469669 0.027604 0.099265
0 0.543750 0.473346 0.028125 0.102941
0 0.735677 0.443934 0.044271 0.161765
0 0.817448 0.478860 0.077604 0.327206
1 0.036068 0.888327 0.034635 0.223346
1 0.212500 0.645221 0.135417 0.512868
1 0.023698 0.571691 0.019271 0.130515
1 0.361198 0.592831 0.061979 0.334559
1 0.535417 0.535846 0.067708 0.216912
1 0.715625 0.663603 0.107292 0.593750
1 0.813151 0.658548 0.160677 0.682904
