0 0.197396 0.464154 0.029167 0.128676
0 0.031250 0.500919 0.009375 0.036765
0 0.368490 0.478860 0.026562 0.106618
0 0.529427 0.477941 0.029687 0.108456
0 0.737500 0.453125 0.043750 0.169118
0 0.823177 0.455882 0.074479 0.295956
1 0.020703 0.779871 0.040365 0.440257
1 0.028385 0.562500 0.013021 0.152574
1 0.210938 0.636949 0.151042 0.503676
1 0.365365 0.590074 0.072396 0.340074
1 0.523698 0.535846 0.066146 0.213235
1 0.713021 0.659926 0.113542 0.586397
1 0.815885 0.659467 0.160938 0.681066
2 0.209375 0.388787 0.211458 0.525735
