0 0.265365 0.567096 0.081771 0.393382
0 0.828385 0.573529 0.072396 0.215074
0 0.723177 0.472426 0.024479 0.082721
0 0.867188 0.590993 0.013542 0.051471
0 0.664323 0.499081 0.015104 0.055147
0 0.652604 0.514706 0.011458 0.049632
0 0.617448 0.541360 0.011979 0.062500
1 0.276953 0.686121 0.171615 0.627757
1 0.619792 0.644301 0.021875 0.257353
1 0.650000 0.553309 0.016667 0.126838
1 0.664583 0.572610 0.020833 0.202206
1 0.676823 0.596507 0.017188 0.073529
1 0.743490 0.709099 0.065104 0.581801
1 0.812891 0.733915 0.095573 0.532169
1 0.861719 0.621324 0.028646 0.112132
