1 0.192448 0.605699 0.018750 0.121324
1 0.242448 0.643842 0.215104 0.712316
1 0.564583 0.503676 0.020833 0.193015
1 0.757031 0.639706 0.136979 0.512868
1 0.707292 0.390625 0.014583 0.058824
1 0.736719 0.427390 0.026562 0.128676
1 0.818750 0.471507 0.020833 0.117647
1 0.865625 0.516544 0.016667 0.115809
1 0.882292 0.506434 0.017708 0.099265
0 0.239323 0.481618 0.094271 0.402574
0 0.566406 0.429228 0.011979 0.047794
0 0.676302 0.442096 0.007812 0.033088
0 0.707292 0.381434 0.012500 0.040441
0 0.736719 0.383272 0.015104 0.047794
0 0.776823 0.489890 0.051562 0.213235
0 0.819792 0.431066 0.010417 0.029412
0 0.840104 0.459559 0.010417 0.034926
0 0.867708 0.474265 0.008333 0.023897
0 0.884115 0.476103 0.009896 0.031250
1 0.804167 0.502757 0.011458 0.066176
