1 0.275911 0.693474 0.170573 0.613051
1 0.829167 0.731158 0.116667 0.537684
1 0.617448 0.641544 0.023438 0.259191
1 0.652083 0.579963 0.028125 0.194853
1 0.664323 0.548713 0.014063 0.158088
1 0.677083 0.605699 0.015625 0.088235
1 0.755599 0.621324 0.079948 0.255515
0 0.264062 0.587316 0.080208 0.408088
0 0.616927 0.539522 0.014063 0.051471
0 0.648958 0.509191 0.012500 0.056985
0 0.663281 0.502757 0.011979 0.058824
0 0.735938 0.541360 0.028125 0.080882
0 0.850000 0.580882 0.068750 0.211397
0 0.675781 0.579044 0.013021 0.042279
