1 0.269010 0.664062 0.172396 0.671875
1 0.618750 0.643382 0.023958 0.262868
1 0.652083 0.574449 0.025000 0.172794
1 0.670833 0.560662 0.022917 0.174632
1 0.736719 0.769301 0.068229 0.459559
1 0.810156 0.732537 0.113021 0.522059
0 0.260677 0.556066 0.102604 0.481618
0 0.617708 0.540441 0.015625 0.053309
0 0.653646 0.507353 0.014583 0.045956
0 0.667708 0.503676 0.015625 0.060662
0 0.736458 0.579044 0.032292 0.082721
0 0.821094 0.579963 0.069271 0.216912
0 0.866146 0.591912 0.015625 0.049632
1 0.859635 0.637868 0.030729 0.130515
