0 0.191667 0.455882 0.037500 0.137868
0 0.026823 0.504596 0.006771 0.025735
0 0.367188 0.468750 0.026042 0.112132
0 0.544010 0.468750 0.027604 0.112132
0 0.731250 0.446691 0.045833 0.174632
0 0.833594 0.460478 0.077604 0.294118
1 0.022917 0.774357 0.043750 0.451287
1 0.026042 0.556066 0.013542 0.154412
1 0.215104 0.633272 0.158333 0.474265
1 0.360938 0.588235 0.063542 0.343750
1 0.537240 0.521140 0.066146 0.227941
1 0.715104 0.659007 0.106250 0.595588
1 0.817578 0.657629 0.151823 0.684743
2 0.210156 0.385110 0.207813 0.514706
