0 0.263802 0.577206 0.079687 0.398897
0 0.831250 0.578125 0.064583 0.202206
0 0.868490 0.593750 0.017188 0.056985
0 0.614062 0.540441 0.012500 0.049632
0 0.655729 0.511029 0.011458 0.053309
0 0.664583 0.496324 0.015625 0.042279
0 0.674219 0.573529 0.008854 0.034926
0 0.731510 0.534926 0.018229 0.068015
1 0.276302 0.686581 0.175521 0.617647
1 0.616146 0.639706 0.019792 0.259191
1 0.657292 0.579044 0.022917 0.174632
1 0.665104 0.514706 0.015625 0.090074
1 0.676302 0.595588 0.019271 0.064338
1 0.755599 0.749540 0.069531 0.500919
1 0.817057 0.727482 0.111198 0.545037
1 0.862500 0.629596 0.029167 0.125000
