1 0.271745 0.693474 0.182552 0.611213
1 0.814844 0.738971 0.103646 0.522059
1 0.741797 0.690717 0.054948 0.618566
1 0.677474 0.567096 0.017448 0.169118
1 0.669922 0.607537 0.007552 0.095588
1 0.650521 0.580882 0.026042 0.172794
1 0.609375 0.649816 0.025521 0.240809
0 0.270313 0.585018 0.080208 0.385110
0 0.613802 0.558824 0.011458 0.045956
0 0.646745 0.522518 0.014323 0.039522
0 0.671615 0.577206 0.006771 0.023897
0 0.673698 0.510110 0.009896 0.045956
0 0.731250 0.430147 0.032813 0.102941
0 0.829688 0.586397 0.060417 0.220588
0 0.867188 0.593290 0.015625 0.054228
1 0.861719 0.613971 0.028125 0.075368
