0 0.842969 0.460478 0.076563 0.330882
0 0.681250 0.444853 0.057292 0.196691
0 0.524740 0.490809 0.032813 0.101103
0 0.385937 0.473346 0.028125 0.110294
0 0.248177 0.461397 0.039062 0.145221
0 0.023438 0.518382 0.007292 0.038603
1 0.025260 0.572610 0.016146 0.139706
1 0.038932 0.878217 0.042448 0.243566
1 0.281250 0.634191 0.140625 0.494485
1 0.371094 0.593750 0.061979 0.343750
1 0.518750 0.545956 0.057292 0.204044
1 0.640885 0.647978 0.147396 0.602941
1 0.832812 0.645680 0.158333 0.708640
2 0.207813 0.383272 0.206250 0.518382
