0 0.262240 0.572610 0.090104 0.393382
0 0.828385 0.586397 0.066146 0.226103
0 0.867969 0.597426 0.014063 0.053309
0 0.611979 0.541360 0.014583 0.040441
0 0.655990 0.511949 0.011979 0.055147
0 0.662760 0.500000 0.013021 0.049632
1 0.276562 0.685202 0.175000 0.629596
1 0.616927 0.647978 0.023438 0.264706
1 0.659115 0.560662 0.025521 0.148897
1 0.665104 0.525735 0.015625 0.104779
1 0.676042 0.606618 0.014583 0.082721
1 0.752474 0.750460 0.068490 0.499081
1 0.814453 0.733915 0.099740 0.532169
0 0.731510 0.544118 0.023438 0.086397
1 0.861198 0.633272 0.028646 0.136029
