0 0.026823 0.504596 0.008854 0.025735
0 0.194010 0.462316 0.039062 0.150735
0 0.367188 0.466912 0.026042 0.112132
0 0.544792 0.471507 0.028125 0.117647
0 0.730990 0.444853 0.045312 0.159926
0 0.830469 0.454044 0.077604 0.299632
1 0.021615 0.771599 0.041146 0.456801
1 0.026302 0.562500 0.015104 0.134191
1 0.191146 0.636029 0.192708 0.516544
1 0.360417 0.592831 0.062500 0.352941
1 0.535677 0.524816 0.063021 0.220588
1 0.710938 0.659007 0.108333 0.599265
1 0.818880 0.660386 0.158594 0.679228
2 0.209896 0.391544 0.206250 0.527574
